0.000000 0.000000 1.090106
0.002000 0.000004 1.010452
0.004000 0.000016 0.931061
0.006000 0.000036 0.852054
0.008000 0.000064 0.773550
0.010000 0.000100 0.695665
0.012000 0.000144 0.618514
0.014000 0.000196 0.542212
0.016000 0.000256 0.466868
0.018000 0.000324 0.392592
0.020000 0.000400 0.319487
0.022000 0.000484 0.247658
0.024000 0.000576 0.177201
0.026000 0.000676 0.108213
0.028000 0.000784 0.040784
0.030000 0.000900 -0.024999
0.032000 0.001024 -0.089052
0.034000 0.001156 -0.151299
0.036000 0.001296 -0.211665
0.038000 0.001444 -0.270082
0.040000 0.001600 -0.326487
0.042000 0.001764 -0.380821
0.044000 0.001936 -0.433031
0.046000 0.002116 -0.483070
0.048000 0.002304 -0.530896
0.050000 0.002500 -0.576471
0.052000 0.002704 -0.619766
0.054000 0.002916 -0.660755
0.056000 0.003136 -0.699417
0.058000 0.003364 -0.735741
0.060000 0.003600 -0.769715
0.062000 0.003844 -0.801340
0.064000 0.004096 -0.830616
0.066000 0.004356 -0.857554
0.068000 0.004624 -0.882166
0.070000 0.004900 -0.904472
0.072000 0.005184 -0.924496
0.074000 0.005476 -0.942269
0.076000 0.005776 -0.957825
0.078000 0.006084 -0.971203
0.080000 0.006400 -0.982448
0.082000 0.006724 -0.991608
0.084000 0.007056 -0.998736
0.086000 0.007396 -1.003890
0.088000 0.007744 -1.007130
0.090000 0.008100 -1.008521
0.092000 0.008464 -1.008131
0.094000 0.008836 -1.006032
0.096000 0.009216 -1.002298
0.098000 0.009604 -0.997006
0.100000 0.010000 -0.990234
0.102000 0.010404 -0.982066
0.104000 0.010816 -0.972584
0.106000 0.011236 -0.961873
0.108000 0.011664 -0.950021
0.110000 0.012100 -0.937115
0.112000 0.012544 -0.923242
0.114000 0.012996 -0.908493
0.116000 0.013456 -0.892956
0.118000 0.013924 -0.876722
0.120000 0.014400 -0.859877
0.122000 0.014884 -0.842513
0.124000 0.015376 -0.824714
0.126000 0.015876 -0.806570
0.128000 0.016384 -0.788164
0.130000 0.016900 -0.769581
0.132000 0.017424 -0.750902
0.134000 0.017956 -0.732207
0.136000 0.018496 -0.713575
0.138000 0.019044 -0.695081
0.140000 0.019600 -0.676797
0.142000 0.020164 -0.658793
0.144000 0.020736 -0.641136
0.146000 0.021316 -0.623890
0.148000 0.021904 -0.607115
0.150000 0.022500 -0.590870
0.152000 0.023104 -0.575206
0.154000 0.023716 -0.560174
0.156000 0.024336 -0.545821
0.158000 0.024964 -0.532188
0.160000 0.025600 -0.519314
0.162000 0.026244 -0.507233
0.164000 0.026896 -0.495976
0.166000 0.027556 -0.485569
0.168000 0.028224 -0.476034
0.170000 0.028900 -0.467391
0.172000 0.029584 -0.459653
0.174000 0.030276 -0.452830
0.176000 0.030976 -0.446930
0.178000 0.031684 -0.441954
0.180000 0.032400 -0.437901
0.182000 0.033124 -0.434767
0.184000 0.033856 -0.432541
0.186000 0.034596 -0.431213
0.188000 0.035344 -0.430767
0.190000 0.036100 -0.431183
0.192000 0.036864 -0.432440
0.194000 0.037636 -0.434511
0.196000 0.038416 -0.437370
0.198000 0.039204 -0.440985
0.200000 0.040000 -0.445323
0.202000 0.040804 -0.450348
0.204000 0.041616 -0.456023
0.206000 0.042436 -0.462307
0.208000 0.043264 -0.469159
0.210000 0.044100 -0.476535
0.212000 0.044944 -0.484391
0.214000 0.045796 -0.492681
0.216000 0.046656 -0.501357
0.218000 0.047524 -0.510372
0.220000 0.048400 -0.519678
0.222000 0.049284 -0.529226
0.224000 0.050176 -0.538966
0.226000 0.051076 -0.548850
0.228000 0.051984 -0.558828
0.230000 0.052900 -0.568853
0.232000 0.053824 -0.578875
0.234000 0.054756 -0.588849
0.236000 0.055696 -0.598728
0.238000 0.056644 -0.608466
0.240000 0.057600 -0.618019
0.242000 0.058564 -0.627346
0.244000 0.059536 -0.636405
0.246000 0.060516 -0.645156
0.248000 0.061504 -0.653563
0.250000 0.062500 -0.661590
0.252000 0.063504 -0.669204
0.254000 0.064516 -0.676373
0.256000 0.065536 -0.683068
0.258000 0.066564 -0.689264
0.260000 0.067600 -0.694935
0.262000 0.068644 -0.700060
0.264000 0.069696 -0.704621
0.266000 0.070756 -0.708600
0.268000 0.071824 -0.711984
0.270000 0.072900 -0.714762
0.272000 0.073984 -0.716925
0.274000 0.075076 -0.718467
0.276000 0.076176 -0.719386
0.278000 0.077284 -0.719680
0.280000 0.078400 -0.719352
0.282000 0.079524 -0.718406
0.284000 0.080656 -0.716849
0.286000 0.081796 -0.714691
0.288000 0.082944 -0.711944
0.290000 0.084100 -0.708622
0.292000 0.085264 -0.704742
0.294000 0.086436 -0.700321
0.296000 0.087616 -0.695381
0.298000 0.088804 -0.689944
0.300000 0.090000 -0.684034
0.302000 0.091204 -0.677678
0.304000 0.092416 -0.670902
0.306000 0.093636 -0.663735
0.308000 0.094864 -0.656208
0.310000 0.096100 -0.648353
0.312000 0.097344 -0.640200
0.314000 0.098596 -0.631784
0.316000 0.099856 -0.623138
0.318000 0.101124 -0.614296
0.320000 0.102400 -0.605294
0.322000 0.103684 -0.596166
0.324000 0.104976 -0.586948
0.326000 0.106276 -0.577674
0.328000 0.107584 -0.568380
0.330000 0.108900 -0.559100
0.332000 0.110224 -0.549869
0.334000 0.111556 -0.540719
0.336000 0.112896 -0.531684
0.338000 0.114244 -0.522796
0.340000 0.115600 -0.514085
0.342000 0.116964 -0.505582
0.344000 0.118336 -0.497314
0.346000 0.119716 -0.489310
0.348000 0.121104 -0.481595
0.350000 0.122500 -0.474193
0.352000 0.123904 -0.467127
0.354000 0.125316 -0.460419
0.356000 0.126736 -0.454087
0.358000 0.128164 -0.448148
0.360000 0.129600 -0.442619
0.362000 0.131044 -0.437513
0.364000 0.132496 -0.432842
0.366000 0.133956 -0.428615
0.368000 0.135424 -0.424840
0.370000 0.136900 -0.421523
0.372000 0.138384 -0.418667
0.374000 0.139876 -0.416274
0.376000 0.141376 -0.414344
0.378000 0.142884 -0.412873
0.380000 0.144400 -0.411857
0.382000 0.145924 -0.411291
0.384000 0.147456 -0.411166
0.386000 0.148996 -0.411471
0.388000 0.150544 -0.412196
0.390000 0.152100 -0.413325
0.392000 0.153664 -0.414845
0.394000 0.155236 -0.416738
0.396000 0.156816 -0.418987
0.398000 0.158404 -0.421570
0.400000 0.160000 -0.424468
0.402000 0.161604 -0.427659
0.404000 0.163216 -0.431118
0.406000 0.164836 -0.434822
0.408000 0.166464 -0.438746
0.410000 0.168100 -0.442864
0.412000 0.169744 -0.447149
0.414000 0.171396 -0.451574
0.416000 0.173056 -0.456112
0.418000 0.174724 -0.460735
0.420000 0.176400 -0.465415
0.422000 0.178084 -0.470124
0.424000 0.179776 -0.474834
0.426000 0.181476 -0.479518
0.428000 0.183184 -0.484147
0.430000 0.184900 -0.488695
0.432000 0.186624 -0.493136
0.434000 0.188356 -0.497443
0.436000 0.190096 -0.501592
0.438000 0.191844 -0.505558
0.440000 0.193600 -0.509317
0.442000 0.195364 -0.512847
0.444000 0.197136 -0.516127
0.446000 0.198916 -0.519137
0.448000 0.200704 -0.521859
0.450000 0.202500 -0.524274
0.452000 0.204304 -0.526366
0.454000 0.206116 -0.528121
0.456000 0.207936 -0.529527
0.458000 0.209764 -0.530571
0.460000 0.211600 -0.531243
0.462000 0.213444 -0.531535
0.464000 0.215296 -0.531441
0.466000 0.217156 -0.530955
0.468000 0.219024 -0.530074
0.470000 0.220900 -0.528797
0.472000 0.222784 -0.527123
0.474000 0.224676 -0.525055
0.476000 0.226576 -0.522595
0.478000 0.228484 -0.519749
0.480000 0.230400 -0.516524
0.482000 0.232324 -0.512926
0.484000 0.234256 -0.508966
0.486000 0.236196 -0.504655
0.488000 0.238144 -0.500006
0.490000 0.240100 -0.495032
0.492000 0.242064 -0.489748
0.494000 0.244036 -0.484171
0.496000 0.246016 -0.478317
0.498000 0.248004 -0.472206
0.500000 0.250000 -0.465857
0.502000 0.252004 -0.459290
0.504000 0.254016 -0.452526
0.506000 0.256036 -0.445587
0.508000 0.258064 -0.438494
0.510000 0.260100 -0.431272
0.512000 0.262144 -0.423943
0.514000 0.264196 -0.416530
0.516000 0.266256 -0.409057
0.518000 0.268324 -0.401549
0.520000 0.270400 -0.394028
0.522000 0.272484 -0.386518
0.524000 0.274576 -0.379042
0.526000 0.276676 -0.371624
0.528000 0.278784 -0.364287
0.530000 0.280900 -0.357052
0.532000 0.283024 -0.349941
0.534000 0.285156 -0.342974
0.536000 0.287296 -0.336173
0.538000 0.289444 -0.329555
0.540000 0.291600 -0.323140
0.542000 0.293764 -0.316945
0.544000 0.295936 -0.310986
0.546000 0.298116 -0.305277
0.548000 0.300304 -0.299833
0.550000 0.302500 -0.294667
0.552000 0.304704 -0.289790
0.554000 0.306916 -0.285212
0.556000 0.309136 -0.280941
0.558000 0.311364 -0.276985
0.560000 0.313600 -0.273350
0.562000 0.315844 -0.270040
0.564000 0.318096 -0.267057
0.566000 0.320356 -0.264404
0.568000 0.322624 -0.262081
0.570000 0.324900 -0.260085
0.572000 0.327184 -0.258415
0.574000 0.329476 -0.257065
0.576000 0.331776 -0.256030
0.578000 0.334084 -0.255304
0.580000 0.336400 -0.254877
0.582000 0.338724 -0.254740
0.584000 0.341056 -0.254883
0.586000 0.343396 -0.255292
0.588000 0.345744 -0.255956
0.590000 0.348100 -0.256859
0.592000 0.350464 -0.257986
0.594000 0.352836 -0.259322
0.596000 0.355216 -0.260849
0.598000 0.357604 -0.262549
0.600000 0.360000 -0.264404
0.602000 0.362404 -0.266394
0.604000 0.364816 -0.268501
0.606000 0.367236 -0.270703
0.608000 0.369664 -0.272981
0.610000 0.372100 -0.275313
0.612000 0.374544 -0.277679
0.614000 0.376996 -0.280058
0.616000 0.379456 -0.282428
0.618000 0.381924 -0.284770
0.620000 0.384400 -0.287061
0.622000 0.386884 -0.289282
0.624000 0.389376 -0.291412
0.626000 0.391876 -0.293432
0.628000 0.394384 -0.295322
0.630000 0.396900 -0.297065
0.632000 0.399424 -0.298642
0.634000 0.401956 -0.300036
0.636000 0.404496 -0.301230
0.638000 0.407044 -0.302210
0.640000 0.409600 -0.302960
0.642000 0.412164 -0.303468
0.644000 0.414736 -0.303721
0.646000 0.417316 -0.303708
0.648000 0.419904 -0.303418
0.650000 0.422500 -0.302843
0.652000 0.425104 -0.301975
0.654000 0.427716 -0.300807
0.656000 0.430336 -0.299334
0.658000 0.432964 -0.297553
0.660000 0.435600 -0.295461
0.662000 0.438244 -0.293056
0.664000 0.440896 -0.290339
0.666000 0.443556 -0.287311
0.668000 0.446224 -0.283974
0.670000 0.448900 -0.280334
0.672000 0.451584 -0.276394
0.674000 0.454276 -0.272161
0.676000 0.456976 -0.267644
0.678000 0.459684 -0.262850
0.680000 0.462400 -0.257790
0.682000 0.465124 -0.252475
0.684000 0.467856 -0.246917
0.686000 0.470596 -0.241129
0.688000 0.473344 -0.235125
0.690000 0.476100 -0.228919
0.692000 0.478864 -0.222527
0.694000 0.481636 -0.215966
0.696000 0.484416 -0.209253
0.698000 0.487204 -0.202404
0.700000 0.490000 -0.195438
0.702000 0.492804 -0.188374
0.704000 0.495616 -0.181230
0.706000 0.498436 -0.174025
0.708000 0.501264 -0.166778
0.710000 0.504100 -0.159509
0.712000 0.506944 -0.152237
0.714000 0.509796 -0.144981
0.716000 0.512656 -0.137759
0.718000 0.515524 -0.130592
0.720000 0.518400 -0.123496
0.722000 0.521284 -0.116491
0.724000 0.524176 -0.109594
0.726000 0.527076 -0.102822
0.728000 0.529984 -0.096191
0.730000 0.532900 -0.089717
0.732000 0.535824 -0.083415
0.734000 0.538756 -0.077299
0.736000 0.541696 -0.071383
0.738000 0.544644 -0.065679
0.740000 0.547600 -0.060197
0.742000 0.550564 -0.054949
0.744000 0.553536 -0.049944
0.746000 0.556516 -0.045189
0.748000 0.559504 -0.040693
0.750000 0.562500 -0.036460
0.752000 0.565504 -0.032496
0.754000 0.568516 -0.028803
0.756000 0.571536 -0.025385
0.758000 0.574564 -0.022242
0.760000 0.577600 -0.019374
0.762000 0.580644 -0.016780
0.764000 0.583696 -0.014456
0.766000 0.586756 -0.012399
0.768000 0.589824 -0.010605
0.770000 0.592900 -0.009067
0.772000 0.595984 -0.007777
0.774000 0.599076 -0.006728
0.776000 0.602176 -0.005909
0.778000 0.605284 -0.005311
0.780000 0.608400 -0.004922
0.782000 0.611524 -0.004730
0.784000 0.614656 -0.004721
0.786000 0.617796 -0.004883
0.788000 0.620944 -0.005199
0.790000 0.624100 -0.005654
0.792000 0.627264 -0.006234
0.794000 0.630436 -0.006920
0.796000 0.633616 -0.007696
0.798000 0.636804 -0.008546
0.800000 0.640000 -0.009450
0.802000 0.643204 -0.010392
0.804000 0.646416 -0.011353
0.806000 0.649636 -0.012315
0.808000 0.652864 -0.013259
0.810000 0.656100 -0.014169
0.812000 0.659344 -0.015025
0.814000 0.662596 -0.015810
0.816000 0.665856 -0.016508
0.818000 0.669124 -0.017099
0.820000 0.672400 -0.017570
0.822000 0.675684 -0.017902
0.824000 0.678976 -0.018081
0.826000 0.682276 -0.018091
0.828000 0.685584 -0.017920
0.830000 0.688900 -0.017553
0.832000 0.692224 -0.016978
0.834000 0.695556 -0.016183
0.836000 0.698896 -0.015158
0.838000 0.702244 -0.013893
0.840000 0.705600 -0.012380
0.842000 0.708964 -0.010610
0.844000 0.712336 -0.008578
0.846000 0.715716 -0.006277
0.848000 0.719104 -0.003704
0.850000 0.722500 -0.000855
0.852000 0.725904 0.002271
0.854000 0.729316 0.005676
0.856000 0.732736 0.009359
0.858000 0.736164 0.013318
0.860000 0.739600 0.017552
0.862000 0.743044 0.022055
0.864000 0.746496 0.026824
0.866000 0.749956 0.031851
0.868000 0.753424 0.037131
0.870000 0.756900 0.042654
0.872000 0.760384 0.048412
0.874000 0.763876 0.054395
0.876000 0.767376 0.060591
0.878000 0.770884 0.066988
0.880000 0.774400 0.073574
0.882000 0.777924 0.080335
0.884000 0.781456 0.087257
0.886000 0.784996 0.094325
0.888000 0.788544 0.101524
0.890000 0.792100 0.108838
0.892000 0.795664 0.116249
0.894000 0.799236 0.123742
0.896000 0.802816 0.131300
0.898000 0.806404 0.138904
0.900000 0.810000 0.146538
0.902000 0.813604 0.154184
0.904000 0.817216 0.161825
0.906000 0.820836 0.169442
0.908000 0.824464 0.177019
0.910000 0.828100 0.184539
0.912000 0.831744 0.191985
0.914000 0.835396 0.199340
0.916000 0.839056 0.206588
0.918000 0.842724 0.213715
0.920000 0.846400 0.220704
0.922000 0.850084 0.227542
0.924000 0.853776 0.234216
0.926000 0.857476 0.240711
0.928000 0.861184 0.247017
0.930000 0.864900 0.253122
0.932000 0.868624 0.259017
0.934000 0.872356 0.264690
0.936000 0.876096 0.270136
0.938000 0.879844 0.275345
0.940000 0.883600 0.280312
0.942000 0.887364 0.285032
0.944000 0.891136 0.289501
0.946000 0.894916 0.293716
0.948000 0.898704 0.297675
0.950000 0.902500 0.301378
0.952000 0.906304 0.304824
0.954000 0.910116 0.308017
0.956000 0.913936 0.310957
0.958000 0.917764 0.313651
0.960000 0.921600 0.316101
0.962000 0.925444 0.318315
0.964000 0.929296 0.320300
0.966000 0.933156 0.322064
0.968000 0.937024 0.323616
0.970000 0.940900 0.324966
0.972000 0.944784 0.326125
0.974000 0.948676 0.327105
0.976000 0.952576 0.327919
0.978000 0.956484 0.328580
0.980000 0.960400 0.329102
0.982000 0.964324 0.329501
0.984000 0.968256 0.329790
0.986000 0.972196 0.329987
0.988000 0.976144 0.330107
0.990000 0.980100 0.330168
0.992000 0.984064 0.330185
0.994000 0.988036 0.330176
0.996000 0.992016 0.330159
0.998000 0.996004 0.330150
1.000000 1.000000 0.330168
1.002000 1.004004 0.330228
1.004000 1.008016 0.330350
1.006000 1.012036 0.330548
1.008000 1.016064 0.330841
1.010000 1.020100 0.331243
1.012000 1.024144 0.331772
1.014000 1.028196 0.332442
1.016000 1.032256 0.333268
1.018000 1.036324 0.334264
1.020000 1.040400 0.335443
1.022000 1.044484 0.336819
1.024000 1.048576 0.338402
1.026000 1.052676 0.340204
1.028000 1.056784 0.342235
1.030000 1.060900 0.344503
1.032000 1.065024 0.347018
1.034000 1.069156 0.349786
1.036000 1.073296 0.352813
1.038000 1.077444 0.356104
1.040000 1.081600 0.359662
1.042000 1.085764 0.363492
1.044000 1.089936 0.367593
1.046000 1.094116 0.371967
1.048000 1.098304 0.376613
1.050000 1.102500 0.381529
1.052000 1.106704 0.386712
1.054000 1.110916 0.392158
1.056000 1.115136 0.397862
1.058000 1.119364 0.403817
1.060000 1.123600 0.410016
1.062000 1.127844 0.416451
1.064000 1.132096 0.423112
1.066000 1.136356 0.429990
1.068000 1.140624 0.437072
1.070000 1.144900 0.444347
1.072000 1.149184 0.451801
1.074000 1.153476 0.459422
1.076000 1.157776 0.467195
1.078000 1.162084 0.475105
1.080000 1.166400 0.483136
1.082000 1.170724 0.491272
1.084000 1.175056 0.499498
1.086000 1.179396 0.507795
1.088000 1.183744 0.516147
1.090000 1.188100 0.524537
1.092000 1.192464 0.532947
1.094000 1.196836 0.541360
1.096000 1.201216 0.549757
1.098000 1.205604 0.558122
1.100000 1.210000 0.566437
1.102000 1.214404 0.574685
1.104000 1.218816 0.582849
1.106000 1.223236 0.590914
1.108000 1.227664 0.598862
1.110000 1.232100 0.606679
1.112000 1.236544 0.614349
1.114000 1.240996 0.621859
1.116000 1.245456 0.629195
1.118000 1.249924 0.636345
1.120000 1.254400 0.643295
1.122000 1.258884 0.650037
1.124000 1.263376 0.656558
1.126000 1.267876 0.662851
1.128000 1.272384 0.668907
1.130000 1.276900 0.674719
1.132000 1.281424 0.680281
1.134000 1.285956 0.685588
1.136000 1.290496 0.690637
1.138000 1.295044 0.695424
1.140000 1.299600 0.699950
1.142000 1.304164 0.704212
1.144000 1.308736 0.708213
1.146000 1.313316 0.711953
1.148000 1.317904 0.715438
1.150000 1.322500 0.718670
1.152000 1.327104 0.721655
1.154000 1.331716 0.724401
1.156000 1.336336 0.726914
1.158000 1.340964 0.729203
1.160000 1.345600 0.731279
1.162000 1.350244 0.733152
1.164000 1.354896 0.734834
1.166000 1.359556 0.736336
1.168000 1.364224 0.737674
1.170000 1.368900 0.738860
1.172000 1.373584 0.739910
1.174000 1.378276 0.740839
1.176000 1.382976 0.741664
1.178000 1.387684 0.742400
1.180000 1.392400 0.743065
1.182000 1.397124 0.743677
1.184000 1.401856 0.744254
1.186000 1.406596 0.744812
1.188000 1.411344 0.745371
1.190000 1.416100 0.745948
1.192000 1.420864 0.746562
1.194000 1.425636 0.747231
1.196000 1.430416 0.747973
1.198000 1.435204 0.748804
1.200000 1.440000 0.749744
1.202000 1.444804 0.750809
1.204000 1.449616 0.752014
1.206000 1.454436 0.753377
1.208000 1.459264 0.754912
1.210000 1.464100 0.756635
1.212000 1.468944 0.758559
1.214000 1.473796 0.760697
1.216000 1.478656 0.763061
1.218000 1.483524 0.765663
1.220000 1.488400 0.768514
1.222000 1.493284 0.771622
1.224000 1.498176 0.774996
1.226000 1.503076 0.778643
1.228000 1.507984 0.782569
1.230000 1.512900 0.786780
1.232000 1.517824 0.791278
1.234000 1.522756 0.796066
1.236000 1.527696 0.801147
1.238000 1.532644 0.806519
1.240000 1.537600 0.812181
1.242000 1.542564 0.818132
1.244000 1.547536 0.824368
1.246000 1.552516 0.830884
1.248000 1.557504 0.837674
1.250000 1.562500 0.844730
1.252000 1.567504 0.852045
1.254000 1.572516 0.859610
1.256000 1.577536 0.867413
1.258000 1.582564 0.875444
1.260000 1.587600 0.883689
1.262000 1.592644 0.892136
1.264000 1.597696 0.900770
1.266000 1.602756 0.909577
1.268000 1.607824 0.918539
1.270000 1.612900 0.927642
1.272000 1.617984 0.936867
1.274000 1.623076 0.946198
1.276000 1.628176 0.955615
1.278000 1.633284 0.965101
1.280000 1.638400 0.974636
1.282000 1.643524 0.984202
1.284000 1.648656 0.993779
1.286000 1.653796 1.003348
1.288000 1.658944 1.012889
1.290000 1.664100 1.022384
1.292000 1.669264 1.031814
1.294000 1.674436 1.041158
1.296000 1.679616 1.050400
1.298000 1.684804 1.059521
1.300000 1.690000 1.068504
1.302000 1.695204 1.077331
1.304000 1.700416 1.085987
1.306000 1.705636 1.094455
1.308000 1.710864 1.102722
1.310000 1.716100 1.110773
1.312000 1.721344 1.118594
1.314000 1.726596 1.126175
1.316000 1.731856 1.133504
1.318000 1.737124 1.140571
1.320000 1.742400 1.147367
1.322000 1.747684 1.153886
1.324000 1.752976 1.160119
1.326000 1.758276 1.166063
1.328000 1.763584 1.171714
1.330000 1.768900 1.177068
1.332000 1.774224 1.182125
1.334000 1.779556 1.186885
1.336000 1.784896 1.191348
1.338000 1.790244 1.195518
1.340000 1.795600 1.199399
1.342000 1.800964 1.202996
1.344000 1.806336 1.206315
1.346000 1.811716 1.209365
1.348000 1.817104 1.212154
1.350000 1.822500 1.214692
1.352000 1.827904 1.216992
1.354000 1.833316 1.219065
1.356000 1.838736 1.220925
1.358000 1.844164 1.222588
1.360000 1.849600 1.224067
1.362000 1.855044 1.225380
1.364000 1.860496 1.226545
1.366000 1.865956 1.227578
1.368000 1.871424 1.228499
1.370000 1.876900 1.229327
1.372000 1.882384 1.230081
1.374000 1.887876 1.230783
1.376000 1.893376 1.231452
1.378000 1.898884 1.232110
1.380000 1.904400 1.232777
1.382000 1.909924 1.233475
1.384000 1.915456 1.234224
1.386000 1.920996 1.235046
1.388000 1.926544 1.235961
1.390000 1.932100 1.236991
1.392000 1.937664 1.238154
1.394000 1.943236 1.239472
1.396000 1.948816 1.240962
1.398000 1.954404 1.242644
1.400000 1.960000 1.244536
1.402000 1.965604 1.246653
1.404000 1.971216 1.249014
1.406000 1.976836 1.251633
1.408000 1.982464 1.254523
1.410000 1.988100 1.257699
1.412000 1.993744 1.261173
1.414000 1.999396 1.264955
1.416000 2.005056 1.269054
1.418000 2.010724 1.273480
1.420000 2.016400 1.278239
1.422000 2.022084 1.283336
1.424000 2.027776 1.288777
1.426000 2.033476 1.294563
1.428000 2.039184 1.300696
1.430000 2.044900 1.307176
1.432000 2.050624 1.314002
1.434000 2.056356 1.321169
1.436000 2.062096 1.328675
1.438000 2.067844 1.336512
1.440000 2.073600 1.344674
1.442000 2.079364 1.353151
1.444000 2.085136 1.361934
1.446000 2.090916 1.371011
1.448000 2.096704 1.380368
1.450000 2.102500 1.389993
1.452000 2.108304 1.399870
1.454000 2.114116 1.409982
1.456000 2.119936 1.420312
1.458000 2.125764 1.430842
1.460000 2.131600 1.441552
1.462000 2.137444 1.452421
1.464000 2.143296 1.463430
1.466000 2.149156 1.474555
1.468000 2.155024 1.485776
1.470000 2.160900 1.497069
1.472000 2.166784 1.508410
1.474000 2.172676 1.519777
1.476000 2.178576 1.531145
1.478000 2.184484 1.542491
1.480000 2.190400 1.553791
1.482000 2.196324 1.565021
1.484000 2.202256 1.576158
1.486000 2.208196 1.587178
1.488000 2.214144 1.598058
1.490000 2.220100 1.608777
1.492000 2.226064 1.619311
1.494000 2.232036 1.629641
1.496000 2.238016 1.639745
1.498000 2.244004 1.649605
1.500000 2.250000 1.659202
1.502000 2.256004 1.668518
1.504000 2.262016 1.677538
1.506000 2.268036 1.686245
1.508000 2.274064 1.694627
1.510000 2.280100 1.702671
1.512000 2.286144 1.710365
1.514000 2.292196 1.717701
1.516000 2.298256 1.724671
1.518000 2.304324 1.731267
1.520000 2.310400 1.737484
1.522000 2.316484 1.743321
1.524000 2.322576 1.748774
1.526000 2.328676 1.753845
1.528000 2.334784 1.758535
1.530000 2.340900 1.762846
1.532000 2.347024 1.766786
1.534000 2.353156 1.770360
1.536000 2.359296 1.773576
1.538000 2.365444 1.776446
1.540000 2.371600 1.778980
1.542000 2.377764 1.781192
1.544000 2.383936 1.783096
1.546000 2.390116 1.784710
1.548000 2.396304 1.786051
1.550000 2.402500 1.787137
1.552000 2.408704 1.787989
1.554000 2.414916 1.788629
1.556000 2.421136 1.789078
1.558000 2.427364 1.789362
1.560000 2.433600 1.789504
1.562000 2.439844 1.789529
1.564000 2.446096 1.789465
1.566000 2.452356 1.789337
1.568000 2.458624 1.789173
1.570000 2.464900 1.789000
1.572000 2.471184 1.788847
1.574000 2.477476 1.788742
1.576000 2.483776 1.788712
1.578000 2.490084 1.788787
1.580000 2.496400 1.788993
1.582000 2.502724 1.789359
1.584000 2.509056 1.789912
1.586000 2.515396 1.790679
1.588000 2.521744 1.791685
1.590000 2.528100 1.792956
1.592000 2.534464 1.794516
1.594000 2.540836 1.796389
1.596000 2.547216 1.798596
1.598000 2.553604 1.801160
1.600000 2.560000 1.804099
1.602000 2.566404 1.807431
1.604000 2.572816 1.811175
1.606000 2.579236 1.815345
1.608000 2.585664 1.819954
1.610000 2.592100 1.825014
1.612000 2.598544 1.830536
1.614000 2.604996 1.836527
1.616000 2.611456 1.842995
1.618000 2.617924 1.849942
1.620000 2.624400 1.857372
1.622000 2.630884 1.865285
1.624000 2.637376 1.873679
1.626000 2.643876 1.882551
1.628000 2.650384 1.891894
1.630000 2.656900 1.901701
1.632000 2.663424 1.911961
1.634000 2.669956 1.922663
1.636000 2.676496 1.933794
1.638000 2.683044 1.945336
1.640000 2.689600 1.957273
1.642000 2.696164 1.969585
1.644000 2.702736 1.982250
1.646000 2.709316 1.995246
1.648000 2.715904 2.008547
1.650000 2.722500 2.022129
1.652000 2.729104 2.035962
1.654000 2.735716 2.050018
1.656000 2.742336 2.064267
1.658000 2.748964 2.078677
1.660000 2.755600 2.093217
1.662000 2.762244 2.107852
1.664000 2.768896 2.122550
1.666000 2.775556 2.137275
1.668000 2.782224 2.151993
1.670000 2.788900 2.166668
1.672000 2.795584 2.181265
1.674000 2.802276 2.195748
1.676000 2.808976 2.210081
1.678000 2.815684 2.224231
1.680000 2.822400 2.238161
1.682000 2.829124 2.251838
1.684000 2.835856 2.265229
1.686000 2.842596 2.278300
1.688000 2.849344 2.291021
1.690000 2.856100 2.303360
1.692000 2.862864 2.315289
1.694000 2.869636 2.326780
1.696000 2.876416 2.337807
1.698000 2.883204 2.348345
1.700000 2.890000 2.358372
1.702000 2.896804 2.367867
1.704000 2.903616 2.376812
1.706000 2.910436 2.385190
1.708000 2.917264 2.392986
1.710000 2.924100 2.400190
1.712000 2.930944 2.406790
1.714000 2.937796 2.412781
1.716000 2.944656 2.418158
1.718000 2.951524 2.422919
1.720000 2.958400 2.427064
1.722000 2.965284 2.430597
1.724000 2.972176 2.433524
1.726000 2.979076 2.435855
1.728000 2.985984 2.437599
1.730000 2.992900 2.438772
1.732000 2.999824 2.439390
1.734000 3.006756 2.439474
1.736000 3.013696 2.439043
1.738000 3.020644 2.438125
1.740000 3.027600 2.436745
1.742000 3.034564 2.434932
1.744000 3.041536 2.432720
1.746000 3.048516 2.430141
1.748000 3.055504 2.427231
1.750000 3.062500 2.424030
1.752000 3.069504 2.420576
1.754000 3.076516 2.416912
1.756000 3.083536 2.413080
1.758000 3.090564 2.409125
1.760000 3.097600 2.405094
1.762000 3.104644 2.401033
1.764000 3.111696 2.396991
1.766000 3.118756 2.393015
1.768000 3.125824 2.389156
1.770000 3.132900 2.385463
1.772000 3.139984 2.381986
1.774000 3.147076 2.378774
1.776000 3.154176 2.375878
1.778000 3.161284 2.373347
1.780000 3.168400 2.371229
1.782000 3.175524 2.369571
1.784000 3.182656 2.368422
1.786000 3.189796 2.367825
1.788000 3.196944 2.367826
1.790000 3.204100 2.368467
1.792000 3.211264 2.369787
1.794000 3.218436 2.371826
1.796000 3.225616 2.374620
1.798000 3.232804 2.378203
1.800000 3.240000 2.382606
1.802000 3.247204 2.387858
1.804000 3.254416 2.393983
1.806000 3.261636 2.401006
1.808000 3.268864 2.408944
1.810000 3.276100 2.417814
1.812000 3.283344 2.427629
1.814000 3.290596 2.438396
1.816000 3.297856 2.450121
1.818000 3.305124 2.462806
1.820000 3.312400 2.476448
1.822000 3.319684 2.491039
1.824000 3.326976 2.506570
1.826000 3.334276 2.523025
1.828000 3.341584 2.540386
1.830000 3.348900 2.558630
1.832000 3.356224 2.577730
1.834000 3.363556 2.597654
1.836000 3.370896 2.618367
1.838000 3.378244 2.639830
1.840000 3.385600 2.662000
1.842000 3.392964 2.684828
1.844000 3.400336 2.708264
1.846000 3.407716 2.732253
1.848000 3.415104 2.756736
1.850000 3.422500 2.781652
1.852000 3.429904 2.806934
1.854000 3.437316 2.832513
1.856000 3.444736 2.858319
1.858000 3.452164 2.884276
1.860000 3.459600 2.910307
1.862000 3.467044 2.936331
1.864000 3.474496 2.962266
1.866000 3.481956 2.988029
1.868000 3.489424 3.013531
1.870000 3.496900 3.038686
1.872000 3.504384 3.063404
1.874000 3.511876 3.087595
1.876000 3.519376 3.111166
1.878000 3.526884 3.134026
1.880000 3.534400 3.156083
1.882000 3.541924 3.177243
1.884000 3.549456 3.197415
1.886000 3.556996 3.216507
1.888000 3.564544 3.234427
1.890000 3.572100 3.251085
1.892000 3.579664 3.266392
1.894000 3.587236 3.280261
1.896000 3.594816 3.292607
1.898000 3.602404 3.303346
1.900000 3.610000 3.312398
1.902000 3.617604 3.319683
1.904000 3.625216 3.325127
1.906000 3.632836 3.328658
1.908000 3.640464 3.330206
1.910000 3.648100 3.329707
1.912000 3.655744 3.327099
1.914000 3.663396 3.322325
1.916000 3.671056 3.315332
1.918000 3.678724 3.306071
1.920000 3.686400 3.294500
1.922000 3.694084 3.280579
1.924000 3.701776 3.264274
1.926000 3.709476 3.245557
1.928000 3.717184 3.224404
1.930000 3.724900 3.200797
1.932000 3.732624 3.174723
1.934000 3.740356 3.146175
1.936000 3.748096 3.115153
1.938000 3.755844 3.081660
1.940000 3.763600 3.045707
1.942000 3.771364 3.007308
1.944000 3.779136 2.966487
1.946000 3.786916 2.923270
1.948000 3.794704 2.877689
1.950000 3.802500 2.829785
1.952000 3.810304 2.779600
1.954000 3.818116 2.727184
1.956000 3.825936 2.672594
1.958000 3.833764 2.615888
1.960000 3.841600 2.557133
1.962000 3.849444 2.496399
1.964000 3.857296 2.433761
1.966000 3.865156 2.369300
1.968000 3.873024 2.303100
1.970000 3.880900 2.235249
1.972000 3.888784 2.165842
1.974000 3.896676 2.094973
1.976000 3.904576 2.022744
1.978000 3.912484 1.949259
1.980000 3.920400 1.874623
1.982000 3.928324 1.798947
1.984000 3.936256 1.722342
1.986000 3.944196 1.644922
1.988000 3.952144 1.566804
1.990000 3.960100 1.488106
1.992000 3.968064 1.408946
1.994000 3.976036 1.329446
1.996000 3.984016 1.249724
1.998000 3.992004 1.169904
